[INFO]
round = 1837.907470703125
rotate = -9.387394301842331

